181
103
145
187
185
78
118
165
32
60
49
108
116
135
83
51
154
33
22
32
151
4
81
107
165
191
170
195
91
5
164
148
187
44
33
7
31
54
30
166
180
106
3
53
191
35
74
85
25
168
137
134
191
156
181
120
75
130
128
36
35
118
171
37
71
183
188
83
43
17
76
137
51
130
168
1
145
60
63
174
174
16
105
94
7
195
171
82
192
93
51
146
82
29
187
55
115
113
152
92
189
12
34
87
13
143
36
130
30
20
178
12
170
33
164
154
46
61
9
31
75
120
57
174
42
29
121
6
108
6
111
70
23
36
31
109
4
90
133
126
138
48
59
124
53
154
59
28
14
71
81
26
186
159
19
172
82
10
44
181
152
179
46
135
46
10
37
64
107
88
43
160
147
25
105
52
156
88
74
123
31
41
2
134
135
13
81
161
49
26
39
16
35
110
20
104
85
28
143
160
14
126
112
159
28
126
65
36
87
24
42
112
167
9
172
130
173
88
108
67
145
193
189
50
149
79
92
88
33
112
73
10
51
185
148
142
121
72
8
153
96
123
32
186
36
67
182
168
2
191
7
64
184
63
99
95
130
127
64
153
172
101
161
182
79
36
49
193
149
132
147
166
67
117
171
29
40
135
189
147
109
3
51
137
150
126
37
189
31
73
102
49
147
19
140
166
63
70
170
29
105
22
122
146
67
74
126
103
15
106
41
97
104
3
72
185
43
90
190
98
18
191
115
71
183
11
110
41
3
141
88
55
18
167
70
122
151
193
26
42
179
117
43
27
58
24
2
76
89
73
68
159
185
145
78
159
85
154
94
27
31
27
135
171
53
110
120
73
194
133
113
140
110
183
20
161
162
94
85
127
119
85
111
27
141
6
179
155
15
83
160
121
13
101
184
108
45
170
144
167
156
194
184
86
186
126
86
168
173
52
180
20
74
122
139
94
98
122
144
13
61
138
34
164
43
8
62
165
148
165
175
89
20
29
195
146
23
102
26
110
20
52
103
20
114
190
164
112
13
19
43
132
60
54
86
118
1
11
2
79
62
174
150
151
168
141
9
158
105
183
48
36
101
69
78
65
63
142
147
29
118
145
193
72
53
72
107
68
125
161
142
30
82
72
36
159
7
54
119
179
86
81
75
33
93
132
94
44
184
34
106
130
87
17
107
29
125
36
35
80
141
178
193
63
144
72
67
103
62
55
108
38
23
4
145
71
108
150
131
181
181
159
23
69
98
181
160
111
154
117
55
119
28
125
68
51
9
47
56
180
184
148
193
60
6
79
147
125
121
124
8
82
17
116
173
184
140
138
50
2
192
141
196
143
12
22
154
92
31
60
30
88
140
32
3
76
190
76
35
95
81
173
25
23
39
63
99
127
42
192
145
38
100
140
96
73
51
107
178
120
96
110
84
132
40
187
163
117
97
103
153
106
54
136
43
96
54
34
105
91
86
111
172
191
150
38
110
183
41
191
109
24
84
108
155
137
149
180
22
189
76
61
22
39
84
102
159
166
70
119
146
9
193
21
187
95
64
90
107
104
40
172
189
1
144
30
59
14
102
118
172
31
117
152
116
62
96
83
144
98
102
193
79
60
130
174
139
21
21
181
6
176
88
126
85
95
36
196
111
128
44
29
30
154
157
46
39
138
80
95
144
33
151
85
88
182
23
104
14
136
126
30
195
68
116
42
57
12
62
179
34
132
174
119
15
147
11
22
148
151
131
159
53
196
47
170
79
65
48
108
182
178
179
12
15
132
11
14
146
118
62
13
120
135
130
81
188
144
18
105
145
5
3
133
116
29
186
194
76
156
150
70
57
151
65
19
163
112
11
16
95
69
116
171
123
150
111
35
117
166
134
55
115
55
121
18
107
3
156
59
70
98
164
56
5
20
64
165
172
124
31
172
184
178
103
132
95
130
2
66
72
176
91
147
22
35
113
111
63
169
171
70
52
106
174
35
183
18
93
193
171
127
149
87
94
134
112
116
156
162
192
61
11
50
156
69
193
159
157
109
17
134
60
86
191
167
144
141
24
57
61
89
129
134
161
185
160
76
66
74
93
112
2
95
51
155
141
85
176
31
189
130
102
123
85
119
178
23
15
56
95
65
196
132
155
144
170
153
105
128
68
109
191
72
77
26
7
41
17
164
90
59
75
191
66
72
15
164
174
192
4
104
53
126
188
35
26
99
95
29
162
160
56
70
177
7
190
35
11
167
57
133
89
78
66
78
127
126
189
105
7
179
63
84
61
103
19
158
113
187
21
6
150
160
182
81
128
72
78
20
66
18
87
188
122
92
195
43
57
38
153
5
177
124
194
100
97
121
89
140
33
145
112
183
6
46
38
32
56
184
20
11
55
121
117
121
82
99
107
151
188
179
63
74
111
54
85
154
39
57
123
173
83
192
37
27
152
142
193
112
63
74
183
170
11
102
195
178
51
171
77
51
18
114
60
103
103
157
126
66
70
139
16
27
191
49
158
56
16
4
86
29
49
56
15
165
113
50
42
155
57
196
138
24
173
155
1
110
100
107
68
26
19
32
110
141
162
63
39
90
43
61
155
186
130
184
135
158
158
114
190
59
50
95
131
60
75
191
34
124
99
35
85
175
135
149
177
133
87
128
96
3
52
185
116
164
1
9
46
140
166
181
138
182
151
6
29
110
172
112
147
13
69
28
154
162
146
105
58
143
106
151
188
165
195
96
27
139
1
135
134
61
55
55
176
90
119
145
44
43
140
79
47
112
47
145
131
17
193
104
90
144
59
146
30
1
8
69
48
186
182
30
150
74
69
14
81
196
28
114
110
93
83
182
110
196
87
65
60
191
62
94
128
142
57
81
172
4
158
107
32
11
31
175
161
142
81
5
88
31
147
189
62
7
161
7
117
119
174
143
174
184
149
50
161
103
104
98
43
131
7
103
196
163
19
89
28
33
85
87
76
191
51
54
76
112
50
181
96
190
36
107
161
137
120
112
165
92
122
94
13
137
188
166
100
6
43
111
64
25
185
143
133
156
17
146
13
176
73
132
191
161
67
1
177
18
68
55
154
119
26
100
59
62
80
169
35
65
112
133
118
75
118
35
88
175
12
39
32
177
72
170
187
155
163
137
191
88
132
101
123
81
23
170
189
171
24
9
84
118
118
142
135
173
128
115
86
36
129
120
98
194
114
37
187
3
43
93
38
22
109
177
32
160
131
50
61
111
101
189
93
191
28
68
31
162
64
49
7
30
112
20
122
64
139
19
194
38
139
114
5
48
150
96
105
86
179
88
143
93
118
48
96
53
96
110
13
116
98
150
1
91
97
14
44
152
22
182
153
103
83
174
35
184
150
5
100
141
32
194
114
58
189
34
115
56
149
100
188
183
193
149
103
101
147
192
121
119
148
151
39
107
18
74
176
165
134
144
5
136
177
110
87
137
133
182
170
1
97
166
151
188
159
139
168
88
65
67
49
161
29
70
61
172
135
146
132
1
94
148
135
22
30
111
52
138
143
48
161
177
187
78
74
116
10
22
117
29
150
107
125
61
5
72
103
28
155
162
18
58
188
170
194
106
87
79
8
162
39
130
52
36
16
134
64
96
126
51
131
135
65
45
169
112
149
160
161
92
57
131
150
13
83
32
152
24
163
89
111
130
78
132
72
173
137
75
18
119
135
56
60
28
141
35
85
107
99
173
11
125
29
130
9
121
30
138
108
38
2
89
142
48
77
109
185
92
65
144
16
98
138
179
93
56
102
114
113
49
77
170
73
192
183
61
137
146
34
162
30
57
70
149
93
10
143
20
191
64
105
67
176
164
55
187
133
94
77
113
61
172
10
46
49
15
62
64
138
2
132
70
77
152
179
112
85
26
159
64
3
113
36
196
55
66
75
36
13
183
19
76
121
148
44
132
171
59
35
153
193
29
7
24
189
3
124
196
166
65
47
144
37
56
186
115
123
65
42
70
74
93
125
110
133
62
92
171
33
157
33
117
30
34
147
81
65
164
111
14
68
179
149
24
163
73
47
95
153
196
136
19
190
56
91
185
25
12
29
46
175
153
178
182
8
126
27
56
122
68
57
187
65
1
173
44
156
194
44
184
90
173
14
43
11
12
7
164
102
61
78
16
11
14
39
52
93
87
58
161
38
33
19
33
102
89
84
150
58
32
116
9
188
